 detalle_pieza_caja 
--------------------
 (1,100,4558295)
 (1,101,4558295)
 (1,102,4558295)
 (0,103,4558295)
 (0,100,4297008)
 (0,101,4297008)
 (2,102,4297008)
 (3,103,4297008)
 (1,100,4296969)
 (1,101,4296969)
 (1,102,4296969)
 (1,103,4296969)
 (1,101,4296917)
 (1,100,4296917)
 (1,102,4296917)
 (1,103,4296917)
 (1,103,4296929)
 (1,101,4296929)
 (2,102,4296929)
 (2,100,4296929)
 (1,100,4297174)
 (1,101,4297174)
 (1,102,4297174)
 (1,103,4297174)
 (1,103,4156530)
 (1,100,4156530)
 (1,101,4156530)
 (1,102,4156530)
 (1,100,4100758)
 (1,101,4100758)
 (1,102,4100758)
 (1,103,4100758)
 (1,100,4297210)
 (4,101,4297210)
 (4,102,4297210)
 (4,103,4297210)
 (4,103,4297209)
 (4,102,4297209)
 (4,101,4297209)
 (4,100,4297209)
(40 rows)

